151539
148880
148880
37961
151538
151534
33771
215158
205876
205870
222645
28369
35244
260909
260909
10464
32603
2907829
11665
10320
11307
157619
10641
11840
76343
76343
76343
76343
33773
198589
219174
55987
40051
40051
54315
11553
11553
11553
11553
11553
39443
3052505
53182
64287
47000
320831
59749
139270
12118
172148
240557
2169843
296210
38525
352882
162145
152219
377461
11970
439491
447909
549205
338478
563180
348823
546807
444193
656025
861045
354328
727977
1051792
2169908
1046403
1159905
1027947
1206559
1150990
1137745
1261657
1162280
979726
243560
394239
1327764
1385427
1340829
1188792
1401263
1458843
1080237
1455626
1327959
1477515
1755588
1234882
1489311
1428342
1348500
862945
490110
1170234
623144
1972568
1239567
1425364
1425364
1118369
1637496
1637496
1640379
1542973
1542973
1542973
1542973
1542973
1542973
1542973
11587
11587
11587
1498168
1500808
1563661
1655018
1457386
1692107
694060
1554501
1972612
998864
35302
1719040
1629671
1756444
1747326
1647466
1747288
1647458
1755682
1735582
1718606
1541824
1647465
1647455
1756832
1718669
1718172
1354511
1664247
1555235
1582152
1654884
1654883
1755679
1750712
64318
60456
336987
248062
248062
248062
1675866
1756285
1859135
652718
1871153
1884879
1874000
1837867
1873958
1883370
1874001
1654782
1852641
1678786
1678786
1678786
38837
1796997
1821561
1916647
9606
9606
9606
9606
9606
9606
