328508
591844
591845
591846
360581
543909
90106
90122
45199
45196
90135
234592
1559908
1559915
45196
45196
45196
543907
1235826
1559901
1559922
45196
45196
90109
90125
90134
90136
442634
438835
1559914
1559919
1559924
83817
90123
90124
542831
931132
127656
127657
396415
543910
565371
45196
127655
263791
1559904
1559906
1559910
1559920
46623
651833
743778
1559903
1559905
1559909
1559918
1559921
45196
90110
90126
90131
127659
234607
189841
209894
45196
45196
1559911
88586
81948
90129
91498
247944
209887
1559923
90130
127658
127660
209895
209896
438836
543908
1407135
1407241
1559913
45196
90127
90128
90132
125570
234606
189840
487153
1559900
1559912
45196
81949
90107
90111
442573
442574
264504
1559907
1559916
1559917
45196
85606
31809
485189
559123
543906
203704
651836
162548
379605
162385
162541
162544
162542
162546
162547
222675
162545
162549
162550
500612
651834
118306
412753
421869
436460
444600
458214
458215
467236
483438
488449
490921
490925
515309
515313
515310
550441
571943
572232
646122
646103
646108
646109
1549210
1549213
1549209
1548279
1548280
1527450
1595837
1595839
1595841
1595843
1631792
1572883
1629566
1655359
1639104
1642678
1642681
1655162
691220
994808
1036682
1028765
1035718
1035719
1095419
1070444
1118296
1193172
1193174
1193179
1193157
1276086
1276088
1200802
1176379
370447
1307968
1235439
1242764
1229267
1246725
1246736
1246737
1246742
1246745
1246748
1246692
1246716
1246717
1246732
1273179
1286973
1352335
1346747
1386883
1391023
1424474
1424655
1439699
1439702
1439654
1439665
1439678
1439682
1439689
1437013
1453102
1494601
36587
36572
180220
39121
37980
172712
178084
42878
43251
133494
409537
221908
224628
224986
424811
474434
490918
506680
512283
525404
1522258
1758743
1816176
1835662
1821229
78249
78926
82682
83898
380731
101630
101631
119860
124098
133221
31799
31862
163914
33782
45390
53628
45196
100675
98936
130970
220665
224982
224983
224984
252840
252841
310383
310384
299444
316383
421897
424810
429152
458218
458217
490923
505188
512281
512282
519059
1548277
633128
1548278
1548282
1548285
1548289
1562264
1565073
1565076
1572885
1572891
1619663
1619665
1617785
1591410
1711424
1631298
1670627
1680904
1680896
698777
797383
715907
763036
878541
881624
881623
926020
944549
1028764
1042257
1055413
1055414
1133978
1148056
1155008
1156082
1165386
1167439
1167441
1176403
1246479
1175535
1219860
1198187
1307969
1387371
1366860
1366858
1367420
1391024
1400556
1424470
1424472
1424654
1447884
1496077
1445503
1518857
1552162
1552164
399678
1758742
1767046
1821234
1803914
1803915
1822057
74538
71549
78251
82684
89245
91468
102651
134752
147269
142849
146872
151161
31863
36586
36573
37970
37982
176660
224985
224988
234839
234841
227048
226579
282076
293289
293290
293291
293293
293294
293295
461525
461526
487425
487424
515308
515314
545062
642115
642117
642119
642121
646111
1544017
1549206
1549212
1549205
1569388
1595836
1565071
1631793
1572893
1619664
1629565
1629567
1629581
1639100
1631297
1655160
1706330
1670622
1670628
1747505
1747506
1680902
1673857
1673861
671150
743681
908464
878545
878543
878333
1052595
1050928
329480
363018
1035720
1055411
1055412
1145073
1147118
1162068
1246766
1246689
1246743
1246746
1246756
1246771
1246696
1246762
1246685
1246763
1246718
1246702
1246722
1276270
1286971
1286974
1334236
1300184
1300185
1366854
1346754
1365167
1406239
1435202
1435203
1439656
1439658
1439659
1439671
1439674
1439675
1439677
1439679
1439685
1454555
1454556
1758558
1795357
1825502
1814216
159649
74542
78246
78250
78685
89525
101633
136151
137702
130271
134750
31825
143001
222483
224989
234838
227530
252842
254256
259680
269149
279778
279782
279783
444602
452203
1036686
1036683
997458
330400
336627
332945
341552
362501
1086586
1035721
1035734
1035735
1055401
1131841
1128975
1156081
1156763
1167440
1176402
1200803
1246688
1246715
1246740
1246755
1246738
1246687
1276267
1366856
1366855
1346752
1415790
1415791
1386884
1406240
1424475
1424480
1424656
1427727
1439687
1439696
1435192
1443907
1552163
1766770
1766773
1758744
1795358
1825503
1850525
92852
102687
53561
53629
53630
405932
319836
459496
460121
461527
502052
506679
521733
504831
512279
550442
550444
646126
1643768
1549207
633126
1548281
1595833
1565072
1586245
1605385
1605386
1572887
1572884
1630354
1629571
1629578
1629564
1592726
1639102
1639103
1615845
1676627
1770536
672462
686799
908463
908465
717930
929027
906967
1036684
927609
1050929
1093917
1135949
1193175
1193176
1193166
1193156
1193159
1193161
1246728
1246757
1246734
1246726
1246723
1246701
1246721
1333770
1276265
1288312
1300183
1387372
1328814
1331852
1424478
1424483
1497751
1439662
1439698
1439704
1439651
1439653
1439657
1439660
1439663
1439667
1443906
1443908
1505953
1776435
1776436
159650
78248
101634
40992
148881
31846
31804
153595
153597
33780
192850
44006
55309
45196
98939
404306
404308
407393
405931
209532
224987
261397
268732
279780
293292
293296
454624
457757
458223
458222
458225
461524
474433
487423
487421
488448
525405
515317
555091
642120
630753
1549211
633129
633121
1595838
1630353
1629568
1629579
1629582
1639105
1639106
1673858
676520
797389
756227
756338
878544
887794
1048777
334821
1079932
1109019
1035731
1035733
1035736
1070443
1055402
1055407
1055406
1055400
1088539
1094248
1130060
1156484
1162067
1150471
1165866
1166467
1193177
1193178
1193158
1195240
1195241
1276087
1176378
1200952
1200951
1307967
1211108
382402
382403
1246686
1246691
1246695
1246752
1246754
1246760
1246731
1246744
1246753
1246712
1267391
1276272
1274316
1294007
1294008
1352340
1766772
1766774
1805944
81848
88575
98859
98860
101858
103608
103609
108617
31847
31793
31858
147091
31802
151160
153040
163916
37981
37971
40299
43250
407983
160803
204508
271169
154051
65736
71551
74551
82679
101632
130273
134749
31817
161366
36574
48983
54395
406716
407824
405933
458224
475873
550443
555770
555769
582572
646121
646106
646107
576603
1549208
1548275
1548276
1548288
1562261
1631795
1631794
1572889
1630355
1629569
1629570
1629573
1629575
1629577
1629580
1663166
1628831
1670626
1670623
1718782
1680903
1780132
1775949
691219
640639
706444
1050930
328375
1070442
1055405
1055415
1155009
1175533
1193155
1193164
387935
1246735
1246684
1246729
1246719
1246714
1246720
1246713
1238575
1333771
1276271
1284607
1324569
1346746
1346751
1386885
1386886
1386858
1400972
1403155
1432496
1446998
1427725
1439680
1439686
1439652
1439673
1439690
1439692
1439694
1439676
1439684
1499642
1517696
1777935
1767045
1821230
1814217
101635
102901
102133
102652
102653
127506
121044
133222
31821
31854
146151
146874
31803
154146
163910
43249
404307
413947
436676
469761
490160
485261
491925
521732
522415
1642675
1642676
1780463
1680905
1680897
715911
1680907
1680895
1680899
1680900
676521
676522
676523
878539
881627
881622
1109020
1116367
1156483
1193154
1193173
1193160
1276085
1197455
1246768
1246697
1246739
1246741
1246699
1246711
1246703
1333772
1333773
1333774
1276273
1298538
1298539
1352337
1352339
1403156
1424471
1424479
1447886
1447887
1447888
1441631
413948
418929
458219
461523
512278
515316
545064
545065
545066
545068
526520
555772
564294
574161
572047
642116
642118
646116
646110
1579853
1572888
1639101
1670968
1673860
1747186
632922
715908
756228
864788
878540
881625
881626
929028
1052601
910447
332526
1035716
1035717
1035737
1094419
1110378
1055409
1055408
1127335
1130059
1147125
1156080
1264584
1264586
1246710
1235839
1366859
1346745
1346748
1501983
1424473
1424484
1439649
1439672
1439661
1439691
1439683
1437011
393300
1825501
71554
82683
82685
83610
83899
85637
33778
180218
39036
39038
53569
53627
204727
404309
404219
155767
161273
221864
234844
264698
270493
279784
309131
420414
424808
477927
481818
487422
490919
490927
490916
490920
490926
545063
545067
550440
550445
555768
633127
1548284
1548286
1562263
1595835
1565074
1642679
1706331
1706332
1670624
1670625
1780464
640638
656893
797384
1052600
1052602
1036685
1040853
1090869
1176401
1175531
1193168
1193180
1193162
1195239
1264585
1246706
1246724
1246769
1246772
1246690
1246747
1246758
1246705
1235838
1352336
1289963
1324568
1331851
1366862
1346750
1403158
1403159
1403153
1424477
1424476
1424481
1424482
1424657
1439703
1439650
1439655
1439670
1439681
1439695
1484634
1708075
1821231
1814215
437157
441598
444601
458220
458216
460123
646114
646117
646124
646125
646104
633125
1562260
1559749
1595842
1593233
1572882
1572886
1630356
1629572
1629576
1642680
1628830
1706329
1780465
421898
485263
512280
646113
646105
633122
633123
633124
1549214
1548283
1548287
1562262
1595832
1565075
1572892
1630351
1629563
1642677
1655161
1680906
1673854
1745383
1324570
1324567
1381391
1366857
1346749
1501982
1403157
1403154
1400557
1400555
1432495
1447885
1439700
1439666
1439668
1439669
1454265
1490456
1494600
1766771
1766775
1766769
1837086
1821232
1821233
67588
78247
78252
101857
102224
127505
125600
31796
143000
31800
31864
163918
33779
158467
180219
194533
198113
209531
222482
224309
245689
252600
262787
254255
274547
293597
310382
296595
303227
490161
483439
483440
490922
545061
555771
555766
586731
1595834
1595840
1618184
1619666
1619667
1619669
1711425
1732402
1673862
716542
1052596
944548
339959
356550
1035722
1035729
1035730
1035732
1035738
1035741
1055403
1131843
1112871
1167438
1175536
1193153
1193170
1193171
1193165
1176380
372020
1307966
1246683
1246694
1246759
1246767
1246770
1333769
1276268
1276269
1352338
1333695
1334235
1334237
1328815
1366861
1346753
1331598
1331601
1331595
1391021
1391022
1490457
1777934
64712
78684
82681
565369
31795
31787
54009
45196
179482
255132
261398
420185
438597
457759
468516
468517
490917
491855
515311
515307
550439
555767
646112
646115
646118
646119
646120
646123
1572890
1619668
1629574
1780466
1673855
1673859
1673856
1747185
1747187
671149
985816
709457
910448
341551
348044
360321
1090868
1035740
1055404
1055410
1096516
1156083
1193169
1184578
366932
1193167
1193163
1198186
1227932
1211107
1246730
1246733
1246749
1246761
1246764
1246693
1246707
1246708
1246750
1246727
1246751
1246765
1246709
1246700
1246704
1286972
1805945
1758167
1795356
1795359
71553
71555
78682
92756
93464
119062
31824
142851
31850
31794
31861
163911
163912
163917
162323
36588
36570
187395
54008
98937
98938
133492
133493
404940
405934
409536
179479
179480
192755
218927
407981
234837
234843
226614
264699
267887
272941
209530
224629
224990
228630
233882
235394
259259
257982
257983
267428
274542
274544
274545
279779
279781
285585
454625
458221
459738
468490
474899
485262
490924
508959
515315
515312
575198
1735269
1679948
1680898
1680901
1775960
595657
676519
768488
859791
1052598
1052599
1300182
1328813
1439697
1439701
1439664
1439688
1439693
1454557
1499640
1499641
1758168
1776438
71552
78683
79669
93999
130501
31859
31798
31788
31797
31865
163915
43248
46235
46236
45196
348104
198575
224892
223837
223838
227049
254251
261396
269307
279777
293288
1758559
1754218
1754219
1716547
1758166
1842704
1814154
39055
71550
76660
76661
78681
82686
82680
98858
146873
141214
31801
151159
163913
163919
160263
42211
176659
178081
179481
234840
234842
259258
259260
267648
323987
1133977
1454196
190279
86980
222982
46449
455496
455498
455499
443392
120361
500613
679730
209893
209891
209892
209890
266069
436668
481817
507506
491082
496657
491879
1527449
1579847
1579875
1579915
1579916
1579917
1579918
1579884
1579911
1579928
1591447
1630352
1628428
752520
1001541
1088643
1088646
978309
946237
356551
1051833
1051837
1163665
1133402
1209501
1209506
1209507
1209510
1209515
1209516
1198189
1255981
1255984
393483
1317683
1350486
1350485
1331596
1367467
1367468
1452362
1449695
1449697
1449698
1449699
161238
72227
222485
217644
420618
491083
496658
512275
538531
1850519
73777
76535
76537
76538
76539
77618
102132
134754
35373
161364
45860
50707
66197
72227
72227
192849
226578
258973
274543
437159
436412
456497
512274
1579922
1579931
1630160
1628427
673747
944649
944650
339414
1109021
1051839
1084334
1084352
1084353
1084355
1084342
1084364
1084348
1084350
1084351
1084323
1084324
1093921
1096445
1107345
1107343
1175537
1249022
1215326
1233323
1298537
1449692
1469139
1812986
1822056
70063
137785
31808
36563
42098
171614
220616
234926
258974
268223
326399
460122
481530
485260
491085
1563404
1563407
1579851
1579858
1579860
1579862
1579864
1579874
1579945
1579946
1579929
1579933
1582453
1655354
1605280
1775545
659259
673749
1088639
1088650
944647
339413
339418
1084329
1084344
1084361
1084347
1123767
1131568
1133404
1115837
1209499
1226529
1255982
390512
1380990
1380991
1413233
1442169
1441630
1469138
1494598
1811354
1811357
1811356
1812984
1822055
74554
72145
76665
153941
148365
45536
217637
217649
217650
268730
282192
416332
457755
460125
1001538
1088641
1088645
1035313
332414
1051834
1051835
1084333
1084357
1084358
1084363
1084346
1107346
1255978
1255979
1349685
1332674
1331597
1449693
1449696
1574212
396055
1840503
1840504
85619
92833
97706
45624
45196
66196
404026
326400
460127
1579876
1579935
1579890
1630358
1628426
1698430
658873
747300
997908
1088648
1088651
946236
1084325
1084328
1084330
1084338
1084360
1133397
1133398
1133399
1215120
1200358
1209511
1219763
1349684
1471067
1449700
1488499
1811348
1811352
1811355
1776437
45196
142852
153596
153942
155139
204443
45196
45196
404027
217641
217651
220615
261399
267430
267431
274546
436669
454623
478044
538530
1579856
1579871
1579873
1579913
1579919
1579930
1579940
1655351
1655356
1001537
1001540
1088653
927611
946238
339416
1003183
1084327
1084337
1084359
1084340
1084341
1084343
1123762
1123772
1133400
1096444
1165864
1206908
1209498
1209509
1209513
1332830
1256670
1708076
1811350
1811351
80748
92791
102131
31815
31816
404018
404019
404021
404024
214634
220614
217643
295514
64188
77047
80749
150239
134755
35376
161365
161367
179876
45858
202810
52006
212018
72227
456495
442153
459304
554307
1579850
1579865
1579877
1579857
1579859
1579912
1579944
1579921
1579927
1579932
1579938
1711421
1711423
1655355
1675615
640477
749342
978310
1045007
1084326
1084335
1084336
1131842
1133403
1133406
1140119
1140118
1175532
1265800
1195238
1255977
1255980
1255983
1413228
1413230
394265
1758165
101833
31820
50427
404029
409540
424807
461529
461530
538532
673746
909673
1679949
676518
979779
1088640
1088647
944648
990067
331655
331656
339417
1133396
1133405
1133407
1133408
1206910
1209495
1209504
1209508
1198185
1198188
1449690
412954
433942
460124
461531
468520
512276
512284
555765
1579854
1579868
1579908
1579910
1630159
1591446
1673863
658871
904069
1001536
1035312
1084331
1084354
1084356
1084339
1115839
1150128
1107344
1197975
1165865
1151784
1215327
1206907
1206909
1200360
1209494
1209496
1209497
1209502
1233321
1389801
1427726
1449701
1479043
1495077
1811360
76662
76663
81480
35375
167882
50337
45196
192325
217645
268734
416331
419455
442152
457758
477838
1579848
1579869
1579891
1579898
1579941
1579942
1711426
1001535
1088644
1088652
332413
339415
1003182
1133401
1401519
1452359
1454554
1469142
1495075
1495079
399598
76664
76667
77617
108616
150236
134751
134753
460112
460118
1563405
1579879
1579855
1579867
1579914
1579943
1579899
1579920
1579957
1599350
1630359
1655353
429338
433691
456496
512277
578228
578227
1563406
1563408
1579878
1579863
1579870
1579872
1579897
1608331
1630348
1630349
1655352
1413227
1449691
1449694
1469141
1469140
1541075
1495072
393299
76534
45196
45196
35374
36565
189771
404017
404020
404005
217648
220617
231394
282195
301582
316972
481787
1579861
1579866
1579937
1579947
1711422
1698431
658872
672463
696207
673748
673750
747299
747301
1088642
1088649
978313
1051836
1090674
1084332
1084362
1084345
1084349
1129353
1093920
1175534
1286611
374280
1209500
1209503
1209514
1233322
1255985
1283733
1350294
1471066
1479042
1520553
1811347
1811359
1811349
1816177
1824560
76666
101832
31819
45856
57583
268224
429337
429339
468518
491084
496656
1563409
1579934
1579936
1579904
1579907
1579909
1579939
1696537
689694
944646
1051838
1084365
1115838
1151785
1151788
1157690
1209505
1209512
1198190
393482
1332829
1332828
1283734
1758164
74553
83648
153594
152298
36564
179875
45534
404025
404028
404006
209523
209525
209526
217640
258976
268221
268731
209524
217639
217652
474140
459303
460115
460126
468519
477839
477840
485429
504896
911414
978314
980182
1387373
1413229
1451181
1458240
1495073
1495074
1495076
1495078
1495080
65020
69544
75696
76536
81482
132180
155138
209527
217642
230832
294753
308869
1811353
1811358
1811361
1811362
1758745
1811382
1812985
73902
73903
81481
92792
137786
36562
39034
41037
204445
204444
204726
217638
217646
217647
258975
268222
308867
308868
470298
439211
470303
485103
994383
470301
470306
99199
470294
470304
470300
470302
470295
470305
470297
470289
679729
470293
470291
470292
470299
470290
470296
47844
45773
316599
314050
314049
133495
133496
76488
1054602
229474
443390
318995
204048
464922
480178
508431
1579964
1630350
326511
1391441
1391443
1386861
1386871
1452360
1520552
1735956
45777
409546
301573
301576
301577
412952
423258
508436
508435
1804152
301562
301572
301579
517186
508437
561480
1545816
1579965
1770533
768489
993053
993051
1043213
1096446
1115840
374891
374892
374893
1414458
1480051
1480040
1520551
1754220
1758747
1850522
67802
83356
83365
136689
1676628
1766662
659258
715909
715910
326517
326518
1123764
1123765
1096447
1127730
1249019
391007
1391439
1414452
1414453
1414460
1406234
1435263
1449687
1449705
1476489
1476494
1518858
1792577
409545
301565
301566
1123766
1366865
1367469
1444980
1391436
1386863
1386877
1386867
1480046
1480048
1480053
1480043
1520554
1520550
83362
83363
83367
54764
517185
908466
693964
1107347
374895
374896
1219415
1227935
1385597
1449689
1480052
1476496
1792576
1792575
1850518
167861
291517
1630357
1770532
927610
1231017
374885
374887
374894
83347
83352
83358
167883
167860
409539
273680
1850521
83349
45766
556549
326513
1123769
1123770
1115844
1155085
1331594
1386881
1386865
1400006
1414454
1480041
1480047
1541078
1476497
101834
31848
412950
412953
442962
664657
983430
326512
326515
1043212
1414459
1449703
1482868
768487
978311
1249018
374890
1219764
1391438
1391440
1480049
1541077
1476490
1476493
1476491
1816701
1822054
83348
83350
83360
83361
153592
409548
420886
481786
491854
508434
512148
546943
546946
546945
693963
1037914
1043696
1215122
394040
1389800
1444981
1391437
1386879
1414451
1414455
1414456
1414457
1406236
1406238
1480045
1480050
1480044
1476495
424809
561481
1630347
481785
495167
508433
1770531
1407133
1413232
1429999
1541076
1476492
1494599
393301
1792574
285587
301568
1770530
747761
1007535
978312
1123771
1151787
1249020
1177754
1200950
385051
1471065
1366864
1385596
1331600
1391442
1386873
1386869
1386860
83351
83354
83364
83368
83369
111648
31812
546944
556550
1545815
1633625
1643433
363226
1115843
374886
1291660
374888
374889
1343678
1343679
1850524
83359
140096
409542
409544
275441
285586
301567
301580
301584
421945
508432
535311
1675614
693962
1037913
1391434
1391435
1386875
1480042
83357
301564
328298
83346
83353
83355
83366
247469
301574
301581
301583
290435
167048
189733
189734
554259
1454199
189728
189729
189730
563905
554258
189732
99389
167047
439213
189731
36578
39477
36581
36577
45196
45196
36575
36580
1380782
45196
45196
36584
45196
45196
45196
45196
36579
36583
36576
36582
36585
214937
279775
439691
74888
263359
90140
439695
439690
439692
439693
439694
47017
460119
1298533
39796
1079244
562
45196
94004
1358116
45196
52165
157643
759704
759703
1200332
85834
759705
759707
759706
179478
157618
125790
431889
1579970
1579880
1579963
1579962
1043211
1133386
1133388
374897
374898
383995
1243159
1243162
1243161
1615498
1615497
398030
1796125
1796113
1796122
1796109
42629
45530
201842
275440
285177
296640
311214
431890
1531939
1579967
1585552
1681182
1007538
341219
1043208
1043209
1412978
1520530
1816699
1760869
39798
1579959
1567151
1770594
983950
1249021
383996
1332675
1412973
1412976
1170625
295022
419448
419450
1007536
983951
326501
326516
332333
361228
1380987
1412975
1412979
1760870
1796112
201841
1579968
1776677
741400
1043210
1133377
1133378
1133395
1243164
1243172
31784
45854
295023
1579852
1579881
1579882
1579961
765767
983949
326504
326514
1043207
1133385
1133387
1201167
42629
295024
285176
324060
42629
45855
201830
314306
1579883
326503
326510
326519
1133382
1133384
1133391
1243174
393298
42629
42629
419454
419452
795389
935898
663330
326500
326508
326509
1043695
1133389
1133392
1133393
1133394
1115842
1243160
1545817
1531952
747266
1007534
326496
326502
1133390
1115841
1451182
1543153
1778192
1796119
1796115
153593
419447
460117
1633624
326505
326506
1133381
1133383
1796121
460114
1565185
1579969
1579960
419449
1531941
1412977
1543152
308037
324061
481784
326507
1133379
1133380
1215124
39794
324063
324064
1636445
935899
1076682
1133376
1215123
1291659
1291661
1243165
1778193
167858
275445
296638
419453
1602994
696211
1412974
1479044
1816698
1796118
45853
280595
324059
1816700
1796116
1796110
1796124
31784
324062
582
46445
40154
565982
1520545
1520546
153591
275446
1007531
1520531
1531942
1769783
1380989
1520547
1520548
1531951
1579849
1007533
1531943
1531940
1531953
1366866
1776678
747760
1090670
1243163
417981
1602995
1380988
47224
45196
198117
257313
1520529
1615496
1531947
1090672
1585548
1602996
1007530
1572327
1846177
1531948
1090671
1531945
1007532
1509245
1531944
1201162
1520549
1846175
1846176
1774095
1090673
1520533
311216
1846174
86981
268856
1446999
