1551
1088540
1339247
1121310
39693
43143
1117314
51048
51201
51201
53446
58112
72026
72581
72581
1336237
451640
451640
451640
451640
451640
116598
1348338
1357508
1357508
225915
264198
254757
254757
263438
263438
263438
263438
263438
290055
322866
363849
363849
363849
366650
366650
1121863
450366
458836
459347
472694
485447
1868623
556533
556533
560080
570446
570446
714549
796379
890425
908285
931536
931536
1052209
1052209
1052209
1108140
1108140
1115758
1115758
1115758
1115758
1136135
1204385
1242993
1245417
1245441
1245441
1245441
1245441
1274318
1348163
1430331
1499680
1507807
1549850
1566885
1566886
1751289
1849603
1849603
1854574
1855372
1858794
1858794
1858794
1858794
1858794
1858794
1858794
1858794
1858794
1858794
1858794
1858794
1867749
1891238
1914540
1914540
1914540
1914540
1917525
1917525
1948890
1982589
1982589
2023197
2023197
2023197
2023197
2023197
2023197
2813349
2813349
2026754
2026779
2026799
2026799
2026799
2026799
2029982
2035343
2035343
2041385
2047734
2047734
2047734
2047734
2047734
2047734
2047734
2047734
2047734
2047734
2047734
2047734
2047734
2047734
2047734
2047734
2049044
2054177
2065189
2083279
2083279
2083279
2083279
2107699
2107699
2107699
2107699
2107700
2107700
2107700
2107700
2107701
2107701
2107702
2107704
2107704
2107704
2107704
2107705
2107705
2107705
2107705
2107705
2107705
2107705
2107705
2107705
2107706
2108523
2212467
2212472
2212473
2212473
2219043
2219043
2268179
2320097
2320097
2320097
2320883
2320884
2320884
2364649
2563899
2563900
2563900
2563900
2563902
2563902
2563903
2563908
2563911
2563911
2563917
771870
331117
1170230
655827
1042311
747089
747089
747089
690256
1734106
2320102
2320102
2320102
2320102
2320110
2320119
2320119
2320880
2320880
2320880
